50 4 3
160 30 10
15.0 25.0 30.0
 1 18500.00	 26000.00	  7 123
 2 24500.00	 24500.00	 30  12
 3 26000.00	 32000.00	 16  12
 4 10000.00	 13000.00	  9 123
 5 20000.00	 15000.00	 21  12
 6 10500.00	 23500.00	 15  12
 7 8500.00	 31500.00	 19  12
 8 15500.00	 31000.00	 23  12
 9 26000.00	 16500.00	 11   2
10 25500.00	 10500.00	  5 123
11 21000.00	 20500.00	 19  12
12 15500.00	 16000.00	 29  12
13 2500.00	 12500.00	 23  12
14 6000.00	 21000.00	 21  12
15 18000.00	 8000.00	 10  12
16 26000.00	 20500.00	 15  12
17 13500.00	 11500.00	  3 123
18 8500.00	 16500.00	 41   1
19 6500.00	 6500.00	  9 123
20 28500.00	 29000.00	 28  12
21 31000.00	 21000.00	  8  23
22 21000.00	 28500.00	  8  12
23 8000.00	 28500.00	 16  12
24 4000.00	 26000.00	 10 123
25 3500.00	 19000.00	 28  12
26 13500.00	 34000.00	  7 123
27 15000.00	 24000.00	 15  12
28 21500.00	 33500.00	 14  12
29 29000.00	 24000.00	  6 123
30 29000.00	 13500.00	 19  12
31 18500.00	 34500.00	 11  12
32 19000.00	 23000.00	 12  12
33 23000.00	 5000.00	 23  12
34 30500.00	 16500.00	 26  12
35 31000.00	 31500.00	 17  12
36 31500.00	 34500.00	  6 123
37 16000.00	 11000.00	  9 123
38 22500.00	 17500.00	 15  12
39 29500.00	 7500.00	 14  12
40 2500.00	 3000.00	  7  23
41 5000.00	 8500.00	 27  12
42 10500.00	 5000.00	 13  12
43 2500.00	 32000.00	 11  12
44 15000.00	 7500.00	 16  12
45 19500.00	 5000.00	 10 123
46 16000.00	 19500.00	  5 123
47 12500.00	 16000.00	 25  12
48 12500.00	 27500.00	 17  12
49 24000.00	 14000.00	 18  12
50 28000.00	 18500.00	 10 123
51 10000.00	 10000.00	  1  1  1
52 15000.00	 20000.00	  1  1  1
53 25000.00	 15000.00	  1  1  1
54 30000.00	 25000.00	  1  1  1
