75 5 3
140 30 10
15.0 25.0 30.0
 1 11000.00	 11000.00	 18  12
 2 18000.00	 13000.00	 26  12
 3 10500.00	 22500.00	 11  12
 4 22500.00	 17500.00	 30  12
 5 27500.00	 10000.00	 21   2
 6 16500.00	 17000.00	 19  12
 7 25000.00	 25000.00	 15  12
 8 27500.00	 22500.00	 16  12
 9 13000.00	 29500.00	 29  12
10 20000.00	 33000.00	 26  12
11 27500.00	 32500.00	 37   1
12 17500.00	 25500.00	 16  12
13 31000.00	 17500.00	 12   2
14 31000.00	 28500.00	 31   1
15 31000.00	 12000.00	  8 123
16 10500.00	 18000.00	 19  12
17 16500.00	 22000.00	 20  12
18 4500.00	 28000.00	 13  12
19 31000.00	 24000.00	 15  12
20 33000.00	 7000.00	 22  12
21 22000.00	 6500.00	 28  12
22 13000.00	 6500.00	 12  12
23 5500.00	 14000.00	  6 123
24 3500.00	 21500.00	 27  12
25 8500.00	 32000.00	 14  12
26 20500.00	 23000.00	 18  12
27 27500.00	 17000.00	 17   2
28 17500.00	 8000.00	 29  12
29 26000.00	 13000.00	 13  12
30 21500.00	 13000.00	 22  12
31 15500.00	 38000.00	 25  12
32 11000.00	 26500.00	 28  12
33 13000.00	 14500.00	 27  12
34 25000.00	 20000.00	 19  12
35 27500.00	 25000.00	 10 123
36 27000.00	 5000.00	 12  12
37 30000.00	 7500.00	 14   2
38 23500.00	 33000.00	 24  12
39 15000.00	 30000.00	 16  12
40 15000.00	 25000.00	 33   1
41 6000.00	 8500.00	 15  12
42 7500.00	 7000.00	 11  12
43 8000.00	 9500.00	 18  12
44 10500.00	 24000.00	 17   2
45 25000.00	 15000.00	 21  12
46 25500.00	 21000.00	 27  12
47 25000.00	 7500.00	 19  12
48 24000.00	 10500.00	 20  12
49 6000.00	 19000.00	  5 123
50 7500.00	 28000.00	 22  12
51 14500.00	 19500.00	 12  12
52 27000.00	 19000.00	 19  12
53 27500.00	 28500.00	 22  12
54 33500.00	 20500.00	 16  12
55 5000.00	 35000.00	  7 123
56 3000.00	 12500.00	 26  12
57 32500.00	 13500.00	 14  12
58 20000.00	 30000.00	 21  12
59 35000.00	 32000.00	 24  12
60 32000.00	 2000.00	 13   2
61 18000.00	 3000.00	 15  12
62 15000.00	 10000.00	 18  12
63 10000.00	 15000.00	 11  12
64 7500.00	 2500.00	 28  12
65 25000.00	 35000.00	  9  12
66 28500.00	 36000.00	 37   1
67 22500.00	 21000.00	 30  12
68 19000.00	 16500.00	 10 123
69 25000.00	 2000.00	  8 123
70 33000.00	 4000.00	 11  12
71 29500.00	 2500.00	  3 123
72 17500.00	 30000.00	  1 123
73 13500.00	 12000.00	  6 123
74 20000.00	 10000.00	 10 123
75 20000.00	 18500.00	 20  12
76 20000.00	 20000.00	  1  1  1
77 25000.00	 11000.00	  1  1  1
78 27500.00	 27500.00	  1  1  1
79 12500.00	 22500.00	  1  1  1
80 10000.00	 10000.00	  1  1  1
