100 2 3
100 30 10
15.0 25.0 30.0
 1 20500.00	 24500.00	 10 123
 2 17500.00	 8500.00	  7 123
 3 27500.00	 22500.00	 13  12
 4 27500.00	 10000.00	 19  12
 5 7500.00	 15000.00	 26  12
 6 12500.00	 15000.00	  3 123
 7 10000.00	 25000.00	  5 123
 8 5000.00	 21500.00	  9 123
 9 27500.00	 30000.00	 16  12
10 15000.00	 30000.00	 16  12
11 10000.00	 32500.00	 12  12
12 25000.00	 17500.00	 19  12
13 15000.00	 12500.00	 23  12
14 7500.00	 5000.00	 20  12
15 15000.00	 2500.00	  8  23
16 5000.00	 10000.00	 19  12
17 2500.00	 15000.00	  2  12
18 10000.00	 20000.00	 12  12
19 7500.00	 30000.00	 17  12
20 22500.00	 32500.00	  9  12
21 22500.00	 10000.00	 11  12
22 22500.00	 5000.00	 18  12
23 27500.00	 2500.00	 29  12
24 32500.00	 17500.00	  3 123
25 32500.00	 10000.00	  6 123
26 22500.00	 15000.00	 17  12
27 17500.00	 20000.00	 16  12
28 20500.00	 18500.00	 16   2
29 32000.00	 21000.00	  9 123
30 20000.00	 30000.00	 21  12
31 15500.00	 26000.00	 27  12
32 17500.00	 34500.00	 23  12
33 26500.00	 26000.00	 11  12
34 32500.00	 27500.00	 14  12
35 31500.00	 32500.00	  8 123
36 1000.00	 30000.00	  5  12
37 10000.00	 10000.00	  8 123
38 2500.00	 2500.00	 16  12
39 30000.00	 6000.00	 31   1
40 20000.00	 12500.00	  9 123
41 21000.00	 3500.00	  5 123
42 12000.00	 6000.00	  5  12
43 11500.00	 1500.00	  7  12
44 5500.00	 7000.00	 18  12
45 3000.00	 19000.00	 16  12
46 1000.00	 24000.00	  1 123
47 4000.00	 28000.00	 27  12
48 6500.00	 26000.00	 36   1
49 3000.00	 34000.00	 30  12
50 23500.00	 23500.00	 13  12
51 24500.00	 29000.00	 10 123
52 13500.00	 21500.00	  9 123
53 18500.00	 15500.00	 14  12
54 28500.00	 14500.00	 18  12
55 31500.00	 11500.00	  2  12
56 26500.00	 6000.00	  6 123
57 16000.00	 6000.00	  7 123
58 18000.00	 13000.00	 18  12
59 10500.00	 12000.00	 28  12
60 8500.00	 17000.00	  3   2
61 6000.00	 12000.00	 13   2
62 12000.00	 29000.00	 19  12
63 13500.00	 34500.00	 10 123
64 7500.00	 38500.00	  9 123
65 31000.00	 38500.00	 20  12
66 24500.00	 36500.00	 25   2
67 33500.00	 2500.00	 25  12
68 28000.00	 19500.00	 36   1
69 18500.00	 23500.00	  6 123
70 18500.00	 28000.00	  5 123
71 28500.00	 34000.00	 15  12
72 23500.00	 8000.00	 25  12
73 22000.00	 8500.00	  9  12
74 23000.00	 6500.00	  8 123
75 24500.00	 5500.00	 18  12
76 24500.00	 21000.00	 13  12
77 26500.00	 21500.00	 14  12
78 30500.00	 26000.00	  3 123
79 28500.00	 24000.00	 23  12
80 28000.00	 18500.00	  6 123
81 27500.00	 27000.00	 26  12
82 7500.00	 23500.00	 16  12
83 7000.00	 18500.00	 11  12
84 5500.00	 15500.00	  7 123
85 8000.00	 11000.00	 41   1
86 2000.00	 9000.00	 35   1
87 14000.00	 9000.00	 26  12
88 13000.00	 26000.00	  9 123
89 13000.00	 17500.00	 15  12
90 15500.00	 33500.00	  3  12
91 7500.00	 9500.00	  1 123
92 11000.00	 11000.00	  2  12
93 9000.00	 12000.00	 22  12
94 13000.00	 13500.00	 27  12
95 12500.00	 12000.00	 20  12
96 11000.00	 13500.00	 11  12
97 12500.00	 10500.00	 12  12
98 9500.00	 10500.00	 10 123
99 10000.00	 13000.00	  9  23
100 9000.00	 9000.00	 17  12
101 17500.00	 10000.00	  1  1  1
102 17500.00	 25000.00	  1  1  1
