50 4 3
8 3 1
5.0 5.0 5.0
 1 37 52 1 23
 2 49 49 1 123
 3 52 64 1 123
 4 20 26 1 23
 5 40 30 1 123
 6 21 47 1 12
 7 17 63 1 12
 8 31 62 1 123
 9 52 33 1 123
10 51 21 1 12
11 42 41 1 123
12 31 32 1 123
13  5 25 1 123
14 12 42 1 123
15 36 16 1 123
16 52 41 1 12
17 27 23 1 123
18 17 33 1 123
19 13 13 1 23
20 57 58 1 123
21 62 42 1 123
22 42 57 1 23
23 16 57 1 123
24  8 52 1 123
25  7 38 1 12
26 27 68 1 123
27 30 48 1 123
28 43 67 1 123
29 58 48 1 23
30 58 27 1 123
31 37 69 1 12
32 38 46 1 123
33 46 10 1 123
34 61 33 1 23
35 62 63 1 123
36 63 69 1 123
37 32 22 1 123
38 45 35 1 23
39 59 15 1 123
40  5  6 1 123
41 10 17 1 123
42 21 10 1 123
43  5 64 1 23
44 30 15 1 123
45 39 10 1 12
46 32 39 1 123
47 25 32 1 123
48 25 55 1 23
49 48 28 1 123
50 56 37 1 12
51 20 20 1 1 1
52 30 40 1 1 1
53 50 30 1 1 1
54 60 50 1 1 1
