75 5 3
8 3 1
5.0 5.0 5.0
 1 22 22 1 123
 2 36 26 1 23
 3 21 45 1 123
 4 45 35 1 123
 5 55 20 1 12
 6 33 34 1 123
 7 50 50 1 123
 8 55 45 1 123
 9 26 59 1 23
10 40 66 1 123
11 55 65 1 123
12 35 51 1 123
13 62 35 1 123
14 62 57 1 12
15 62 24 1 123
16 21 36 1 123
17 33 44 1 123
18  9 56 1 123
19 62 48 1 123
20 66 14 1 23
21 44 13 1 123
22 26 13 1 123
23 11 28 1 123
24  7 43 1 123
25 17 64 1 123
26 41 46 1 23
27 55 34 1 123
28 35 16 1 123
29 52 26 1 12
30 43 26 1 123
31 31 76 1 123
32 22 53 1 123
33 26 29 1 123
34 50 40 1 23
35 55 50 1 123
36 54 10 1 123
37 60 15 1 123
38 47 66 1 123
39 30 60 1 123
40 30 50 1 123
41 12 17 1 12
42 15 14 1 123
43 16 19 1 123
44 21 48 1 123
45 50 30 1 12
46 51 42 1 123
47 50 15 1 23
48 48 21 1 123
49 12 38 1 123
50 15 56 1 23
51 29 39 1 123
52 54 38 1 123
53 55 57 1 12
54 67 41 1 123
55 10 70 1 123
56  6 25 1 123
57 65 27 1 123
58 40 60 1 123
59 70 64 1 123
60 64  4 1 123
61 36  6 1 123
62 30 20 1 23
63 20 30 1 123
64 15  5 1 12
65 50 70 1 123
66 57 72 1 123
67 45 42 1 23
68 38 33 1 123
69 50  4 1 123
70 66  8 1 123
71 59  5 1 23
72 35 60 1 123
73 27 24 1 123
74 40 20 1 123
75 40 37 1 12
76 40 40 1 1 1
77 50 22 1 1 1
78 55 55 1 1 1
79 25 45 1 1 1
80 20 20 1 1 1
