100 2 3
8 3 1
5.0 5.0 5.0
1 41 49 1 123
2 35 17 1 12
3 55 45 1 123
4 55 20 1 123
5 15 30 1 123
6 25 30 1 12
7 20 50 1 123
8 10 43 1 23
9 55 60 1 123
10 30 60 1 23
11 20 65 1 123
12 50 35 1 123
13 30 25 1 123
14 15 10 1 23
15 30  5 1 123
16 10 20 1 123
17  5 30 1 123
18 20 40 1 123
19 15 60 1 23
20 45 65 1 123
21 45 20 1 123
22 45 10 1 12
23 55  5 1 123
24 65 35 1 123
25 65 20 1 123
26 45 30 1 23
27 35 40 1 123
28 41 37 1 123
29 64 42 1 123
30 40 60 1 123
31 31 52 1 123
32 35 69 1 123
33 53 52 1 12
34 65 55 1 12
35 63 65 1 123
36  2 60 1 123
37 20 20 1 123
38  5  5 1 123
39 60 12 1 123
40 40 25 1 123
41 42  7 1 123
42 24 12 1 123
43 23  3 1 123
44 11 14 1 123
45  6 38 1 23
46  2 48 1 123
47  8 56 1 12
48 13 52 1 123
49  6 68 1 23
50 47 47 1 123
51 49 58 1 2
52 27 43 1 123
53 37 31 1 123
54 57 29 1 23
55 63 23 1 123
56 53 12 1 12
57 32 12 1 123
58 36 26 1 123
59 21 24 1 123
60 17 34 1 123
61 12 24 1 12
62 24 58 1 123
63 27 69 1 123
64 15 77 1 23
65 62 77 1 123
66 49 73 1 123
67 67  5 1 12
68 56 39 1 123
69 37 47 1 123
70 37 56 1 123
71 57 68 1 12
72 47 16 1 123
73 44 17 1 123
74 46 13 1 23
75 49 11 1 23
76 49 42 1 23
77 53 43 1 123
78 61 52 1 123
79 57 48 1 123
80 56 37 1 123
81 55 54 1 23
82 15 47 1 123
83 14 37 1 123
84 11 31 1 123
85 16 22 1 123
86  4 18 1 23
87 28 18 1 123
88 26 52 1 123
89 26 35 1 23
90 31 67 1 123
91 15 19 1 23
92 22 22 1 123
93 18 24 1 123
94 26 27 1 23
95 25 24 1 12
96 22 27 1 123
97 25 21 1 123
98 19 21 1 12
99 20 26 1 123
100 18 18 1 123
101 35 20 1 1 1
102 35 50 1 1 1
