249 3 3
8 3 1
5.0 5.0 5.0
1 -99 -97 1 12
2 -59 50 1 12
3 0 14 1 123
4 -17 -66 1 123
5 -69 -19 1 123
6 31 12 1 123
7 5 -41 1 123
8 -12 10 1 123
9 -64 70 1 123
10 -12 85 1 2
11 -18 64 1 23
12 -77 -16 1 123
13 -53 88 1 12
14 83 -24 1 123
15 24 41 1 123
16 17 21 1 123
17 42 96 1 23
18 -65 0 1 123
19 -47 -26 1 23
20 85 36 1 123
21 -35 -54 1 12
22 54 -21 1 123
23 64 -17 1 123
24 55 89 1 123
25 17 -25 1 12
26 -61 66 1 123
27 -61 26 1 123
28 17 -72 1 23
29 79 38 1 123
30 -62 -2 1 123
31 -90 -68 1 123
32 52 66 1 123
33 -54 -50 1 123
34 8 -84 1 123
35 37 -90 1 12
36 -83 49 1 23
37 35 -1 1 12
38 7 59 1 123
39 12 48 1 123
40 57 95 1 123
41 92 28 1 12
42 -3 97 1 12
43 -7 52 1 123
44 42 -15 1 123
45 77 -43 1 123
46 59 -49 1 123
47 25 91 1 123
48 69 -19 1 123
49 -82 -14 1 12
50 74 -70 1 23
51 69 59 1 123
52 29 33 1 123
53 -97 9 1 12
54 -58 9 1 123
55 28 93 1 123
56 7 73 1 123
57 -28 73 1 123
58 -76 55 1 123
59 41 42 1 23
60 92 40 1 12
61 -84 -29 1 123
62 -12 42 1 123
63 51 -45 1 123
64 -37 46 1 123
65 -97 35 1 123
66 14 89 1 123
67 60 58 1 123
68 -63 -75 1 123
69 -18 34 1 12
70 -46 -82 1 123
71 -86 -79 1 123
72 -43 -30 1 123
73 -44 7 1 123
74 -3 -20 1 23
75 36 41 1 12
76 -30 -94 1 123
77 79 -62 1 123
78 51 70 1 123
79 -61 -26 1 12
80 6 94 1 123
81 -19 -62 1 123
82 -20 51 1 123
83 -81 37 1 23
84 7 31 1 23
85 52 12 1 123
86 83 -91 1 23
87 -7 -92 1 123
88 82 -74 1 123
89 -70 85 1 123
90 -83 -30 1 123
91 71 -61 1 123
92 85 11 1 23
93 66 -48 1 123
94 78 -87 1 23
95 9 -79 1 12
96 -36 4 1 23
97 66 39 1 123
98 92 -17 1 123
99 -46 -79 1 123
100 -30 -63 1 123
101 -42 63 1 23
102 20 42 1 2
103 15 98 1 123
104 1 -17 1 23
105 64 20 1 23
106 -96 85 1 123
107 93 -29 1 123
108 -40 -84 1 23
109 86 35 1 123
110 91 36 1 23
111 62 -8 1 12
112 -24 4 1 123
113 11 96 1 123
114 -53 62 1 123
115 -28 -71 1 123
116 7 -4 1 12
117 95 -9 1 123
118 -3 17 1 123
119 53 -90 1 123
120 58 -19 1 12
121 -83 84 1 12
122 -1 49 1 123
123 -4 17 1 12
124 -82 -3 1 123
125 -43 47 1 123
126 6 -6 1 123
127 70 99 1 123
128 68 -29 1 2
129 -94 -30 1 23
130 -94 -20 1 123
131 -21 77 1 123
132 64 37 1 23
133 -70 -19 1 123
134 88 65 1 123
135 2 29 1 123
136 33 57 1 123
137 -70 6 1 12
138 -38 -56 1 123
139 -80 -95 1 23
140 -5 -39 1 123
141 8 -22 1 123
142 -61 -76 1 2
143 76 -22 1 123
144 49 -71 1 123
145 -30 -68 1 23
146 1 34 1 12
147 77 79 1 2
148 -58 64 1 123
149 82 -97 1 123
150 -80 55 1 123
151 81 -86 1 123
152 39 -49 1 123
153 -67 72 1 123
154 -25 -89 1 12
155 -44 -95 1 23
156 32 -68 1 2
157 -17 49 1 123
158 93 49 1 123
159 99 81 1 23
160 10 -49 1 12
161 63 -41 1 123
162 38 39 1 23
163 -28 39 1 123
164 -2 -47 1 123
165 38 8 1 23
166 -42 -6 1 123
167 -67 88 1 123
168 19 93 1 23
169 40 27 1 123
170 -61 56 1 123
171 43 33 1 2
172 -18 -39 1 123
173 -69 19 1 123
174 75 -18 1 123
175 31 85 1 23
176 25 58 1 23
177 -16 36 1 123
178 91 15 1 123
179 60 -39 1 23
180 49 -47 1 123
181 42 33 1 123
182 16 -81 1 23
183 -78 53 1 123
184 53 -80 1 23
185 -46 -26 1 12
186 -25 -54 1 123
187 69 -46 1 123
188 0 -78 1 12
189 -84 74 1 23
190 -16 16 1 123
191 -63 -14 1 123
192 51 -77 1 123
193 -39 61 1 123
194 5 97 1 123
195 -55 39 1 123
196 70 -14 1 123
197 0 95 1 123
198 -45 7 1 23
199 38 -24 1 123
200 50 -37 1 12
201 59 71 1 123
202 -73 -96 1 123
203 -29 72 1 123
204 -47 12 1 123
205 -88 -61 1 123
206 -88 36 1 123
207 -46 -3 1 12
208 26 -37 1 2
209 -39 -67 1 123
210 92 27 1 23
211 -80 -31 1 123
212 93 -50 1 123
213 -20 -5 1 123
214 -22 73 1 123
215 -4 -7 1 123
216 54 -48 1 123
217 -70 39 1 2
218 54 -82 1 123
219 29 41 1 123
220 -87 51 1 123
221 -96 -36 1 23
222 49 8 1 123
223 -5 54 1 123
224 -26 43 1 123
225 -11 60 1 123
226 40 61 1 123
227 82 35 1 23
228 -92 12 1 23
229 -93 -86 1 23
230 -66 63 1 23
231 -72 -87 1 123
232 -57 -84 1 23
233 23 52 1 123
234 -56 -62 1 123
235 -19 59 1 123
236 63 -14 1 123
237 -13 38 1 12
238 -19 87 1 123
239 44 -84 1 123
240 98 -17 1 2
241 -16 62 1 123
242 3 66 1 123
243 26 22 1 2
244 -38 -81 1 23
245 70 -80 1 23
246 17 -35 1 123
247 96 -83 1 123
248 -77 80 1 123
249 -14 44 1 123
250 70 0 1 1 1
251 -50 60 1 1 1
252 -50 -60 1 1 1
