249 4 3
8 3 1
5.0 5.0 5.0
1 -99 -97 1 123
2 -59 50 1 123
3 0 14 1 12
4 -17 -66 1 123
5 -69 -19 1 123
6 31 12 1 123
7 5 -41 1 123
8 -12 10 1 12
9 -64 70 1 123
10 -12 85 1 23
11 -18 64 1 123
12 -77 -16 1 123
13 -53 88 1 12
14 83 -24 1 123
15 24 41 1 123
16 17 21 1 123
17 42 96 1 123
18 -65 0 1 12
19 -47 -26 1 12
20 85 36 1 123
21 -35 -54 1 123
22 54 -21 1 123
23 64 -17 1 123
24 55 89 1 23
25 17 -25 1 12
26 -61 66 1 123
27 -61 26 1 123
28 17 -72 1 123
29 79 38 1 123
30 -62 -2 1 123
31 -90 -68 1 123
32 52 66 1 123
33 -54 -50 1 123
34 8 -84 1 23
35 37 -90 1 12
36 -83 49 1 123
37 35 -1 1 123
38 7 59 1 12
39 12 48 1 123
40 57 95 1 123
41 92 28 1 123
42 -3 97 1 123
43 -7 52 1 123
44 42 -15 1 23
45 77 -43 1 123
46 59 -49 1 123
47 25 91 1 123
48 69 -19 1 123
49 -82 -14 1 123
50 74 -70 1 123
51 69 59 1 2
52 29 33 1 123
53 -97 9 1 123
54 -58 9 1 123
55 28 93 1 123
56 7 73 1 23
57 -28 73 1 23
58 -76 55 1 123
59 41 42 1 123
60 92 40 1 123
61 -84 -29 1 123
62 -12 42 1 123
63 51 -45 1 123
64 -37 46 1 123
65 -97 35 1 123
66 14 89 1 123
67 60 58 1 123
68 -63 -75 1 123
69 -18 34 1 123
70 -46 -82 1 123
71 -86 -79 1 123
72 -43 -30 1 123
73 -44 7 1 123
74 -3 -20 1 12
75 36 41 1 23
76 -30 -94 1 123
77 79 -62 1 123
78 51 70 1 12
79 -61 -26 1 23
80 6 94 1 123
81 -19 -62 1 2
82 -20 51 1 123
83 -81 37 1 123
84 7 31 1 12
85 52 12 1 12
86 83 -91 1 123
87 -7 -92 1 123
88 82 -74 1 123
89 -70 85 1 123
90 -83 -30 1 123
91 71 -61 1 123
92 85 11 1 123
93 66 -48 1 123
94 78 -87 1 123
95 9 -79 1 12
96 -36 4 1 12
97 66 39 1 123
98 92 -17 1 123
99 -46 -79 1 123
100 -30 -63 1 123
101 -42 63 1 123
102 20 42 1 23
103 15 98 1 2
104 1 -17 1 123
105 64 20 1 23
106 -96 85 1 123
107 93 -29 1 123
108 -40 -84 1 123
109 86 35 1 123
110 91 36 1 123
111 62 -8 1 23
112 -24 4 1 123
113 11 96 1 123
114 -53 62 1 23
115 -28 -71 1 123
116 7 -4 1 12
117 95 -9 1 123
118 -3 17 1 123
119 53 -90 1 12
120 58 -19 1 123
121 -83 84 1 123
122 -1 49 1 123
123 -4 17 1 2
124 -82 -3 1 23
125 -43 47 1 23
126 6 -6 1 123
127 70 99 1 123
128 68 -29 1 12
129 -94 -30 1 23
130 -94 -20 1 123
131 -21 77 1 123
132 64 37 1 123
133 -70 -19 1 123
134 88 65 1 123
135 2 29 1 12
136 33 57 1 123
137 -70 6 1 123
138 -38 -56 1 123
139 -80 -95 1 123
140 -5 -39 1 123
141 8 -22 1 123
142 -61 -76 1 123
143 76 -22 1 123
144 49 -71 1 23
145 -30 -68 1 12
146 1 34 1 123
147 77 79 1 23
148 -58 64 1 123
149 82 -97 1 123
150 -80 55 1 123
151 81 -86 1 123
152 39 -49 1 123
153 -67 72 1 23
154 -25 -89 1 123
155 -44 -95 1 12
156 32 -68 1 123
157 -17 49 1 123
158 93 49 1 123
159 99 81 1 23
160 10 -49 1 12
161 63 -41 1 123
162 38 39 1 12
163 -28 39 1 123
164 -2 -47 1 23
165 38 8 1 123
166 -42 -6 1 23
167 -67 88 1 123
168 19 93 1 23
169 40 27 1 23
170 -61 56 1 23
171 43 33 1 12
172 -18 -39 1 123
173 -69 19 1 123
174 75 -18 1 123
175 31 85 1 123
176 25 58 1 23
177 -16 36 1 23
178 91 15 1 123
179 60 -39 1 123
180 49 -47 1 123
181 42 33 1 123
182 16 -81 1 23
183 -78 53 1 2
184 53 -80 1 12
185 -46 -26 1 123
186 -25 -54 1 123
187 69 -46 1 12
188 0 -78 1 23
189 -84 74 1 123
190 -16 16 1 123
191 -63 -14 1 12
192 51 -77 1 123
193 -39 61 1 123
194 5 97 1 123
195 -55 39 1 123
196 70 -14 1 123
197 0 95 1 12
198 -45 7 1 123
199 38 -24 1 123
200 50 -37 1 23
201 59 71 1 123
202 -73 -96 1 123
203 -29 72 1 2
204 -47 12 1 123
205 -88 -61 1 123
206 -88 36 1 123
207 -46 -3 1 123
208 26 -37 1 12
209 -39 -67 1 123
210 92 27 1 12
211 -80 -31 1 123
212 93 -50 1 123
213 -20 -5 1 123
214 -22 73 1 123
215 -4 -7 1 123
216 54 -48 1 23
217 -70 39 1 12
218 54 -82 1 123
219 29 41 1 12
220 -87 51 1 2
221 -96 -36 1 123
222 49 8 1 123
223 -5 54 1 123
224 -26 43 1 123
225 -11 60 1 123
226 40 61 1 123
227 82 35 1 123
228 -92 12 1 123
229 -93 -86 1 123
230 -66 63 1 123
231 -72 -87 1 123
232 -57 -84 1 123
233 23 52 1 123
234 -56 -62 1 123
235 -19 59 1 123
236 63 -14 1 12
237 -13 38 1 123
238 -19 87 1 123
239 44 -84 1 23
240 98 -17 1 123
241 -16 62 1 12
242 3 66 1 123
243 26 22 1 123
244 -38 -81 1 123
245 70 -80 1 123
246 17 -35 1 2
247 96 -83 1 123
248 -77 80 1 23
249 -14 44 1 123
250 75 0 1 1 1
251 0 75 1 1 1
252 -75 0 1 1 1
253 0 -75 1 1 1
